55
56
57
58
85
86
87
88
115
116
117
118
145
146
147
148
175
176
177
178
205
206
207
208
235
236
237
238
265
266
267
268
295
296
297
298
325
326
327
328
355
356
357
358
385
386
387
388
415
416
417
418
445
446
447
448
475
476
477
478
505
506
507
508
535
536
537
538
565
566
567
568
595
596
597
598
625
626
627
628
655
656
657
658
685
686
687
688
715
716
717
718
745
746
747
748
775
776
777
778
805
806
807
808
671
672
673
674
675
676
677
678
679
680
681
682
683
684
701
702
703
704
705
706
707
708
709
710
711
712
713
714
731
732
733
734
735
736
737
738
739
740
741
742
743
744
761
762
763
764
765
766
767
768
769
770
771
772
773
774
791
792
793
794
795
796
797
798
799
800
801
802
803
804
41
42
43
44
45
46
47
48
49
50
71
72
73
74
75
76
77
78
79
80
101
102
103
104
105
106
107
108
109
110
131
132
133
134
135
136
137
138
139
140
161
162
163
164
165
166
167
168
169
170
191
192
193
194
195
196
197
198
199
200
221
222
223
224
225
226
227
228
229
230
251
252
253
254
255
256
257
258
259
260
281
282
283
284
285
286
287
288
289
290
311
312
313
314
315
316
317
318
319
320
341
342
343
344
345
346
347
348
349
350
371
372
373
374
375
376
377
378
379
380
401
402
403
404
405
406
407
408
409
410
431
432
433
434
435
436
437
438
439
440
461
462
463
464
465
466
467
468
469
470
491
492
493
494
495
496
497
498
499
500
521
522
523
524
525
526
527
528
529
530
551
552
553
554
555
556
557
558
559
560
581
582
583
584
585
586
587
588
589
590
611
612
613
614
615
616
617
618
619
620
641
642
643
644
645
646
647
648
649
650